3
928
-279.0 47.0
-278.0 48.0
-278.0 49.0
-277.0 50.0
-276.0 51.0
-276.0 52.0
-276.0 53.0
-276.0 54.0
-275.0 54.0
-275.0 56.0
-275.0 57.0
-274.0 58.0
-274.0 59.0
-274.0 60.0
-274.0 61.0
-273.0 62.0
-273.0 63.0
-273.0 64.0
-273.0 65.0
-272.0 66.0
-272.0 68.0
-271.0 70.0
-271.0 71.0
-271.0 72.0
-271.0 73.0
-270.0 75.0
-270.0 76.0
-269.0 77.0
-269.0 78.0
-269.0 79.0
-268.0 80.0
-268.0 82.0
-267.0 83.0
-267.0 85.0
-267.0 86.0
-266.0 88.0
-266.0 89.0
-265.0 90.0
-265.0 92.0
-264.0 93.0
-264.0 94.0
-264.0 96.0
-263.0 97.0
-263.0 99.0
-262.0 100.0
-262.0 101.0
-262.0 103.0
-261.0 105.0
-261.0 107.0
-260.0 108.0
-260.0 110.0
-260.0 111.0
-259.0 113.0
-259.0 115.0
-258.0 117.0
-258.0 118.0
-257.0 120.0
-257.0 121.0
-257.0 123.0
-256.0 125.0
-255.0 127.0
-255.0 129.0
-255.0 130.0
-254.0 133.0
-253.0 134.0
-253.0 136.0
-252.0 137.0
-252.0 140.0
-251.0 141.0
-251.0 144.0
-250.0 146.0
-250.0 147.00000000000003
-249.0 149.00000000000003
-249.0 150.99999999999997
-248.0 154.0
-247.0 154.99999999999997
-247.0 156.99999999999997
-245.0 160.0
-245.0 161.0
-244.0 163.0
-243.0 164.0
-243.0 166.0
-242.0 168.00000000000003
-240.0 171.0
-240.0 172.00000000000003
-239.0 174.00000000000003
-238.0 175.0
-238.0 177.0
-236.0 179.99999999999997
-235.0 181.99999999999997
-235.0 183.0
-234.0 186.0
-232.0 188.0
-231.0 190.0
-230.0 191.0
-229.0 193.00000000000003
-228.0 195.00000000000003
-227.0 197.00000000000003
-225.0 199.00000000000003
-224.0 200.0
-222.0 203.0
-221.0 205.0
-220.0 207.0
-219.0 208.0
-217.0 210.0
-216.0 212.0
-213.0 215.0
-212.0 216.0
-210.0 218.0
-208.0 221.0
-206.0 222.0
-205.0 224.0
-203.0 226.0
-202.0 227.0
-199.00000000000003 230.0
-198.0 231.0
-195.00000000000003 234.0
-193.00000000000003 236.0
-192.0 237.0
-190.0 239.0
-188.0 241.0
-185.0 244.0
-183.0 245.0
-181.0 247.0
-177.0 250.0
-175.0 252.0
-173.0 253.0
-172.00000000000003 255.0
-168.00000000000003 258.0
-165.0 260.0
-163.0 262.0
-161.0 263.0
-158.0 266.0
-156.0 267.0
-152.0 270.0
-150.99999999999997 271.0
-147.00000000000003 273.0
-145.00000000000003 274.0
-141.0 277.0
-139.0 278.0
-136.0 280.0
-134.0 281.0
-132.0 282.0
-127.0 285.0
-125.0 286.0
-124.0 287.0
-120.0 289.0
-116.0 291.0
-113.0 292.0
-110.0 294.0
-109.0 294.0
-106.0 295.0
-104.0 296.0
-99.0 298.0
-97.0 299.0
-95.0 300.0
-92.0 301.0
-90.0 301.0
-86.0 303.0
-83.0 304.0
-81.0 305.0
-79.0 305.0
-75.0 307.0
-72.0 308.0
-69.0 309.0
-68.0 309.0
-64.0 311.0
-62.0 311.0
-59.0 312.0
-58.0 312.0
-54.0 313.0
-52.0 314.0
-50.0 314.0
-47.0 315.0
-46.0 315.0
-42.0 317.0
-40.0 317.0
-38.0 318.0
-36.0 318.0
-34.0 318.0
-30.0 319.0
-28.0 319.0
-26.0 320.0
-24.0 320.0
-21.0 320.0
-19.0 321.0
-17.0 321.0
-15.0 321.0
-12.0 321.0
-10.0 321.0
-9.0 322.0
-7.0 322.0
-5.0 322.0
-3.0 322.0
0.0 323.0
1.0 323.0
4.0 323.0
7.0 323.0
8.0 323.0
9.0 323.0
12.0 323.0
13.999999999999943 323.0
16.0 323.0
19.000000000000057 323.0
20.0 323.0
22.0 324.0
24.0 324.0
26.0 324.0
28.0 324.0
29.0 324.0
30.999999999999943 324.0
33.0 324.0
34.99999999999994 324.0
37.0 324.0
38.0 324.0
40.00000000000006 323.0
42.0 323.0
43.0 323.0
45.0 323.0
47.0 323.0
48.00000000000006 323.0
50.0 322.0
51.99999999999994 322.0
53.0 322.0
55.0 322.0
55.99999999999994 322.0
58.0 321.0
59.99999999999994 321.0
61.00000000000006 321.0
63.0 321.0
63.99999999999994 320.0
66.0 320.0
67.0 320.0
69.00000000000006 320.0
70.0 319.0
72.0 318.0
73.00000000000006 318.0
75.0 317.0
76.0 317.0
76.99999999999994 316.0
79.0 316.0
80.99999999999994 315.0
83.0 315.0
84.0 314.0
86.00000000000006 313.0
87.0 313.0
88.99999999999994 312.0
92.0 311.0
93.0 311.0
95.0 310.0
97.0 309.0
99.0 308.0
100.0 308.0
101.99999999999994 306.0
103.0 306.0
105.99999999999994 305.0
108.0 304.0
109.99999999999994 303.0
111.00000000000006 302.0
113.0 301.0
116.0 300.0
118.0 298.0
120.0 297.0
121.0 296.0
123.0 295.0
125.0 294.0
129.0 291.0
130.0 290.0
131.0 289.0
134.0 287.0
136.0 286.0
138.0 285.0
141.0 282.0
143.0 280.0
144.0 279.0
146.0 277.0
147.0 276.0
150.0 274.0
151.0 274.0
154.0 271.0
155.0 270.0
157.0 268.0
158.0 268.0
161.0 265.0
162.0 264.0
164.0 262.0
165.0 261.0
167.0 259.0
169.0 257.0
170.0 255.0
171.0 254.0
173.0 252.0
174.0 250.0
176.0 248.0
177.0 248.0
178.0 246.0
180.0 244.0
181.0 243.0
182.0 241.0
183.0 240.0
184.0 239.0
185.0 236.0
186.0 236.0
187.0 234.0
188.0 232.0
189.0 231.0
190.0 229.0
191.0 227.0
191.0 226.0
193.0 224.0
193.0 222.0
194.0 221.0
195.0 219.0
195.0 218.0
197.0 216.0
197.0 215.0
198.0 212.0
199.0 211.0
199.0 209.0
200.0 207.0
201.0 206.0
201.0 204.0
201.0 203.0
202.0 201.0
203.0 199.00000000000003
203.0 198.0
204.0 195.00000000000003
204.0 194.0
205.0 191.0
206.0 189.0
206.0 187.0
206.0 186.0
207.0 184.0
207.0 181.99999999999997
208.0 179.0
209.0 177.0
209.0 175.99999999999997
209.0 173.0
210.0 172.00000000000003
211.0 168.00000000000003
211.0 167.0
211.0 164.0
212.0 163.0
212.0 159.0
213.0 156.99999999999997
213.0 154.99999999999997
214.0 152.99999999999997
214.0 150.99999999999997
215.0 147.00000000000003
215.0 145.00000000000003
215.0 143.0
216.0 141.0
216.0 139.0
217.0 135.0
217.0 133.0
217.0 132.0
218.0 128.0
218.0 126.0
218.0 123.0
219.0 121.0
219.0 119.0
219.0 117.0
220.0 113.0
220.0 110.0
220.0 108.0
221.0 105.0
221.0 102.0
221.0 100.0
222.0 98.0
222.0 94.0
222.0 93.0
222.0 89.0
223.0 87.0
223.0 85.0
223.0 82.0
223.0 80.0
223.0 76.0
224.0 74.0
224.0 71.0
224.0 69.0
225.0 65.0
225.0 63.0
225.0 61.0
225.0 59.0
225.0 55.0
225.0 54.0
226.0 50.0
226.0 48.0
226.0 46.0
226.0 44.0
226.0 40.0
226.0 39.0
226.0 36.0
226.0 34.0
226.0 31.0
227.0 30.0
227.0 27.0
227.0 25.0
227.0 22.0
227.0 19.0
227.0 17.0
227.0 15.0
227.0 14.0
227.0 11.0
227.0 9.0
227.0 7.0
227.0 5.0
227.0 2.0
227.0 0.0
227.0 -1.9999999999999432
227.0 -3.0
227.0 -5.0
227.0 -7.0
227.0 -9.999999999999943
227.0 -11.000000000000057
226.0 -13.999999999999943
226.0 -17.0
226.0 -18.0
226.0 -20.0
226.0 -21.0
226.0 -24.0
226.0 -25.0
226.0 -28.0
226.0 -30.0
226.0 -30.999999999999943
225.0 -33.0
225.0 -34.99999999999994
225.0 -37.0
225.0 -38.99999999999994
225.0 -41.0
225.0 -42.0
225.0 -44.00000000000006
225.0 -47.0
225.0 -48.00000000000006
224.0 -50.0
224.0 -51.0
224.0 -54.0
224.0 -55.0
224.0 -57.0
223.0 -58.0
223.0 -59.99999999999994
223.0 -63.0
222.0 -63.99999999999994
222.0 -66.0
222.0 -69.00000000000006
221.0 -70.0
221.0 -72.0
221.0 -74.0
221.0 -75.0
220.0 -76.99999999999994
220.0 -79.0
220.0 -80.0
220.0 -82.0
219.0 -84.0
219.0 -86.00000000000006
219.0 -87.0
218.0 -88.99999999999994
218.0 -91.0
217.0 -92.0
217.0 -95.0
216.0 -96.0
216.0 -98.00000000000006
215.0 -100.0
215.0 -101.99999999999994
215.0 -104.0
215.0 -105.0
214.0 -107.0
214.0 -108.0
213.0 -109.99999999999994
212.0 -112.0
212.0 -113.0
211.0 -116.0
211.0 -117.0
211.0 -118.0
210.0 -120.0
210.0 -121.0
209.0 -122.0
209.0 -124.0
208.0 -126.0
207.0 -128.0
207.0 -129.0
206.0 -131.0
205.0 -132.0
205.0 -133.0
204.0 -136.0
203.0 -137.0
203.0 -138.0
201.0 -140.0
201.0 -142.0
200.0 -143.0
199.0 -144.0
199.0 -146.0
197.0 -148.0
197.0 -149.0
196.0 -151.0
195.0 -152.0
194.0 -154.0
193.0 -156.0
192.0 -157.0
191.0 -158.0
190.0 -159.0
189.0 -161.0
188.0 -163.0
187.0 -163.0
186.0 -165.0
185.0 -167.0
184.0 -168.0
182.0 -169.0
181.0 -171.0
180.0 -172.0
179.0 -174.0
178.0 -175.0
177.0 -176.0
176.0 -177.0
173.0 -179.0
171.0 -181.0
170.0 -182.0
169.0 -183.0
167.0 -184.0
166.0 -186.0
164.0 -187.0
163.0 -188.0
162.0 -189.0
160.0 -190.0
158.0 -192.0
157.0 -193.0
156.0 -193.0
154.0 -195.0
152.0 -196.0
151.0 -197.0
149.0 -199.0
148.0 -200.0
146.0 -202.0
144.0 -203.0
143.0 -205.0
141.0 -206.0
140.0 -206.0
137.0 -208.0
136.0 -209.0
134.0 -209.0
132.0 -210.0
131.0 -211.0
130.0 -212.0
127.0 -213.0
126.0 -213.0
124.0 -214.0
122.0 -215.0
120.0 -217.0
118.0 -217.0
116.0 -218.0
115.0 -219.0
112.0 -220.0
109.99999999999994 -220.0
108.0 -221.0
105.99999999999994 -221.0
105.0 -222.0
101.99999999999994 -223.0
100.0 -223.0
99.0 -223.0
97.0 -224.0
94.00000000000006 -225.0
92.0 -225.0
91.0 -226.0
88.99999999999994 -226.0
87.0 -226.0
84.0 -227.0
82.0 -227.0
80.99999999999994 -227.0
79.0 -228.0
76.99999999999994 -228.0
74.0 -228.0
72.0 -229.0
70.0 -229.0
67.0 -229.0
65.00000000000006 -229.0
63.0 -229.0
62.0 -230.0
59.99999999999994 -230.0
58.0 -230.0
55.0 -230.0
53.0 -230.0
50.0 -230.0
48.00000000000006 -230.0
46.0 -230.0
44.00000000000006 -230.0
42.0 -230.0
41.0 -230.0
38.99999999999994 -230.0
36.00000000000006 -230.0
34.0 -230.0
32.0 -230.0
30.0 -230.0
28.0 -230.0
25.0 -230.0
24.0 -230.0
21.0 -230.0
19.000000000000057 -229.0
15.000000000000057 -229.0
13.0 -229.0
11.000000000000057 -229.0
8.0 -229.0
7.0 -229.0
5.0 -228.0
1.9999999999999432 -228.0
0.0 -228.0
-2.0 -228.0
-4.0 -228.0
-7.0 -227.0
-9.0 -227.0
-12.0 -227.0
-13.0 -227.0
-15.0 -227.0
-17.0 -227.0
-21.0 -226.0
-22.0 -226.0
-24.0 -226.0
-26.0 -226.0
-29.0 -225.0
-31.0 -225.0
-33.0 -225.0
-35.0 -224.0
-37.0 -224.0
-40.0 -223.0
-42.0 -223.0
-44.0 -223.0
-45.0 -222.0
-48.0 -222.0
-50.0 -221.0
-52.0 -221.0
-53.0 -221.0
-55.0 -220.0
-58.0 -219.0
-59.0 -219.0
-61.0 -219.0
-62.0 -218.0
-64.0 -218.0
-66.0 -217.0
-68.0 -217.0
-69.0 -217.0
-72.0 -216.0
-73.0 -216.0
-75.0 -215.0
-76.0 -214.0
-78.0 -214.0
-79.0 -213.0
-81.0 -213.0
-82.0 -212.0
-84.0 -212.0
-85.0 -211.0
-87.0 -211.0
-89.0 -210.0
-90.0 -209.0
-91.0 -209.0
-93.0 -208.0
-94.0 -207.0
-95.0 -207.0
-97.0 -206.0
-98.0 -205.0
-99.0 -205.0
-101.0 -204.0
-101.0 -203.0
-103.0 -203.0
-103.0 -202.0
-105.0 -202.0
-106.0 -201.0
-107.0 -200.0
-108.0 -199.0
-109.0 -198.0
-110.0 -198.0
-111.0 -197.0
-112.0 -196.0
-113.0 -196.0
-114.0 -195.0
-115.0 -195.0
-116.0 -194.0
-116.0 -193.0
-117.0 -192.0
-118.0 -192.0
-119.0 -191.0
-120.0 -190.0
-121.0 -190.0
-122.0 -189.0
-123.0 -188.0
-123.0 -187.0
-124.0 -187.0
-125.0 -186.0
-126.0 -185.0
-127.0 -184.0
-128.0 -184.0
-129.0 -182.0
-129.0 -181.0
-130.0 -181.0
-131.0 -180.0
-132.0 -179.0
-132.0 -178.0
-133.0 -177.0
-134.0 -176.0
-135.0 -176.0
-136.0 -175.0
-137.0 -173.0
-138.0 -172.0
-138.0 -171.0
-139.0 -170.0
-140.0 -170.0
-141.0 -168.0
-142.0 -167.0
-143.0 -165.0
-143.0 -164.0
-144.0 -164.0
-145.00000000000003 -162.0
-146.0 -161.0
-147.00000000000003 -160.0
-147.00000000000003 -159.0
-148.0 -157.0
-149.00000000000003 -156.0
-150.0 -155.0
-150.99999999999997 -153.0
-152.0 -152.0
-152.0 -151.0
-152.99999999999997 -149.0
-154.0 -148.0
-154.99999999999997 -147.0
-156.0 -146.0
-156.99999999999997 -144.0
-158.0 -142.0
-159.0 -141.0
-159.0 -140.0
-161.0 -139.0
-161.0 -137.0
-162.0 -135.0
-163.0 -135.0
-164.0 -133.0
-165.0 -131.0
-165.0 -131.0
-166.0 -129.0
-167.0 -128.0
-168.00000000000003 -127.0
-169.0 -126.0
-170.00000000000003 -124.0
-170.00000000000003 -123.0
-171.0 -122.0
-172.00000000000003 -120.0
-172.00000000000003 -119.0
-173.0 -119.0
-174.00000000000003 -117.0
-174.00000000000003 -115.0
-175.99999999999997 -113.0
-175.99999999999997 -112.0
-177.0 -111.00000000000006
-177.99999999999997 -109.0
-177.99999999999997 -108.0
-179.0 -105.99999999999994
-179.99999999999997 -105.99999999999994
-179.99999999999997 -104.0
-181.0 -104.0
-181.99999999999997 -101.99999999999994
-183.0 -100.0
-183.0 -99.0
-184.0 -98.00000000000006
-185.0 -97.0
-185.0 -95.0
-186.0 -94.00000000000006
-187.0 -91.0
-187.0 -91.0
-187.0 -90.00000000000006
-188.0 -88.99999999999994
-188.0 -87.0
-189.0 -86.00000000000006
-189.0 -84.99999999999994
-190.0 -84.0
-191.0 -82.0
-191.0 -80.99999999999994
-192.0 -80.0
-192.0 -79.0
-193.00000000000003 -76.99999999999994
-194.0 -76.0
-195.00000000000003 -75.0
-195.00000000000003 -74.0
-196.0 -72.0
-196.0 -71.0
-197.00000000000003 -70.0
-197.00000000000003 -68.0
-198.0 -68.0
-198.0 -66.0
-199.00000000000003 -65.00000000000006
-199.00000000000003 -63.0
-200.0 -62.0
-200.0 -61.00000000000006
-201.0 -59.0
-201.0 -58.0
-202.0 -57.0
-202.0 -55.0
-202.0 -54.0
-203.0 -53.0
-204.0 -51.0
-204.0 -50.0
-204.0 -49.0
-205.0 -47.0
-206.0 -46.0
-206.0 -45.0
-207.0 -44.00000000000006
-207.0 -43.0
-208.0 -41.0
-208.0 -40.00000000000006
-209.0 -38.99999999999994
-209.0 -38.0
-210.0 -37.0
-211.0 -34.99999999999994
-211.0 -34.0
-211.0 -33.0
-212.0 -30.999999999999943
-213.0 -30.0
-213.0 -29.0
-213.0 -28.0
-214.0 -26.0
-215.0 -25.0
-215.0 -24.0
-216.0 -22.0
-217.0 -22.0
-217.0 -20.0
-218.0 -19.000000000000057
-218.0 -18.0
-219.0 -17.0
-219.0 -15.000000000000057
-220.0 -13.999999999999943
-220.0 -13.0
-221.0 -12.0
-221.0 -9.999999999999943
-222.0 -9.0
-223.0 -8.0
-223.0 -5.999999999999943
-224.0 -5.999999999999943
-224.0 -4.0
-225.0 -4.0
-225.0 -1.9999999999999432
-226.0 -1.0
-226.0 1.0
-227.0 2.0
-227.0 3.0
-228.0 4.0
-229.0 6.0
-229.0 7.0
-229.0 8.0
-230.0 8.0
-230.0 10.0
-231.0 12.0
-231.0 13.0
-232.0 13.0
-232.0 15.0
-233.0 17.0
-233.0 18.0
-233.0 19.0
-234.0 20.0
-234.0 21.0
-235.0 22.0
-235.0 24.0
-236.0 25.0
-236.0 26.0
-236.0 27.0
-237.0 28.0
-237.0 29.0
-238.0 30.0
-238.0 31.0
-238.0 32.0
-239.0 33.0
-239.0 34.0
-239.0 35.0
-240.0 36.0
-240.0 38.0
-241.0 39.0
-241.0 40.0
-241.0 41.0
-242.0 43.0
-242.0 43.0
-243.0 43.0
-243.0 46.0
-243.0 46.0
-243.0 47.0
-244.0 48.0
-244.0 49.0
-244.0 50.0
-244.0 51.0
-244.0 52.0
-245.0 53.0
-245.0 54.0
-245.0 55.0
-246.0 56.0
-246.0 57.0
-246.0 58.0
-246.0 59.0
-246.0 60.0
-247.0 61.0
-247.0 62.0
-247.0 63.0
-247.0 64.0
-247.0 65.0
-247.0 66.0
-247.0 67.0
-247.0 68.0
-247.0 69.0
-247.0 70.0
-247.0 71.0
-247.0 72.0
-247.0 73.0
-247.0 74.0
-248.0 75.0
-248.0 76.0
-248.0 77.0
-248.0 78.0
-248.0 79.0
-248.0 81.0
-248.0 82.0
-248.0 83.0
-249.0 85.0
-249.0 92.0
-249.0 93.0
-249.0 95.0
-249.0 95.0
-249.0 96.0
-249.0 97.0
-249.0 98.0
-249.0 99.0
-249.0 100.0
-249.0 101.0
-249.0 102.0
-248.0 103.0
-248.0 104.0
-248.0 105.0
276
3.0 107.0
1.9999999999999432 107.0
1.0 107.0
0.0 106.0
0.0 106.0
-1.0 106.0
-2.0 105.0
-3.0 105.0
-3.0 104.0
-4.0 104.0
-5.0 104.0
-6.0 104.0
-6.0 103.0
-7.0 103.0
-7.0 102.0
-8.0 102.0
-8.0 101.0
-9.0 101.0
-10.0 100.0
-10.0 100.0
-11.0 100.0
-11.0 99.0
-13.0 98.0
-14.0 97.0
-15.0 97.0
-15.0 96.0
-16.0 96.0
-17.0 94.0
-17.0 94.0
-18.0 94.0
-19.0 93.0
-19.0 92.0
-20.0 91.0
-21.0 90.0
-22.0 89.0
-22.0 88.0
-24.0 87.0
-24.0 86.0
-25.0 85.0
-26.0 83.0
-26.0 83.0
-27.0 82.0
-28.0 82.0
-28.0 81.0
-29.0 80.0
-30.0 79.0
-30.0 78.0
-32.0 76.0
-32.0 76.0
-32.0 75.0
-33.0 75.0
-33.0 73.0
-34.0 73.0
-34.0 71.0
-35.0 70.0
-35.0 69.0
-36.0 69.0
-36.0 67.0
-37.0 66.0
-37.0 65.0
-38.0 63.0
-38.0 63.0
-38.0 62.0
-38.0 61.0
-38.0 59.0
-39.0 58.0
-39.0 57.0
-39.0 56.0
-39.0 54.0
-40.0 53.0
-40.0 53.0
-40.0 51.0
-40.0 49.0
-40.0 47.0
-40.0 47.0
-40.0 46.0
-40.0 44.0
-40.0 43.0
-40.0 41.0
-40.0 40.0
-40.0 39.0
-40.0 38.0
-40.0 36.0
-40.0 35.0
-40.0 34.0
-40.0 32.0
-40.0 31.0
-40.0 30.0
-40.0 29.0
-40.0 28.0
-39.0 25.0
-39.0 25.0
-39.0 24.0
-39.0 23.0
-38.0 21.0
-38.0 20.0
-37.0 19.0
-37.0 17.0
-37.0 17.0
-36.0 16.0
-35.0 15.0
-35.0 14.0
-34.0 13.0
-34.0 13.0
-34.0 11.0
-33.0 10.0
-33.0 9.0
-32.0 8.0
-31.0 7.0
-31.0 7.0
-31.0 5.0
-30.0 4.0
-30.0 3.0
-29.0 2.0
-28.0 1.0
-28.0 0.0
-27.0 0.0
-27.0 -1.9999999999999432
-25.0 -4.0
-25.0 -5.0
-24.0 -5.999999999999943
-23.0 -5.999999999999943
-22.0 -8.0
-22.0 -8.0
-22.0 -9.0
-21.0 -9.0
-21.0 -9.999999999999943
-20.0 -11.000000000000057
-19.0 -11.000000000000057
-19.0 -12.0
-18.0 -12.0
-17.0 -13.0
-17.0 -15.000000000000057
-16.0 -15.000000000000057
-16.0 -16.0
-13.0 -17.0
-13.0 -17.0
-13.0 -18.0
-12.0 -18.0
-11.0 -19.000000000000057
-11.0 -20.0
-10.0 -20.0
-9.0 -21.0
-8.0 -22.0
-7.0 -23.000000000000057
-6.0 -23.000000000000057
-5.0 -23.000000000000057
-5.0 -24.0
-3.0 -24.0
-3.0 -24.0
-3.0 -25.0
-2.0 -25.0
-1.0 -25.0
1.0 -26.0
1.0 -26.0
1.9999999999999432 -26.0
3.0 -26.0
4.0 -26.0
5.0 -26.0
5.999999999999943 -26.0
7.0 -26.999999999999943
8.0 -26.999999999999943
9.999999999999943 -26.999999999999943
9.999999999999943 -26.999999999999943
11.000000000000057 -26.999999999999943
12.0 -26.999999999999943
13.0 -26.999999999999943
15.000000000000057 -26.999999999999943
15.000000000000057 -26.999999999999943
16.0 -26.999999999999943
17.0 -26.999999999999943
18.0 -26.999999999999943
19.000000000000057 -26.999999999999943
20.0 -26.999999999999943
22.0 -26.999999999999943
22.0 -26.999999999999943
24.0 -26.999999999999943
24.0 -26.0
26.0 -26.0
28.0 -26.0
29.0 -25.0
30.0 -25.0
30.999999999999943 -25.0
34.0 -25.0
34.0 -25.0
34.99999999999994 -24.0
36.00000000000006 -24.0
38.0 -24.0
38.99999999999994 -24.0
40.00000000000006 -23.000000000000057
43.0 -23.000000000000057
43.0 -23.000000000000057
45.0 -22.0
48.00000000000006 -21.0
48.00000000000006 -21.0
49.0 -21.0
51.0 -20.0
53.0 -20.0
55.0 -20.0
55.0 -20.0
55.99999999999994 -19.000000000000057
58.0 -19.000000000000057
59.99999999999994 -19.000000000000057
62.0 -18.0
63.0 -18.0
66.0 -17.0
66.0 -17.0
68.0 -16.0
69.00000000000006 -16.0
70.0 -15.000000000000057
72.0 -15.000000000000057
74.0 -13.999999999999943
76.99999999999994 -13.0
76.99999999999994 -13.0
78.0 -13.0
80.0 -12.0
82.0 -9.999999999999943
82.0 -9.999999999999943
84.0 -9.999999999999943
84.99999999999994 -9.0
87.0 -8.0
88.99999999999994 -7.0
88.99999999999994 -7.0
90.00000000000006 -7.0
92.0 -5.999999999999943
93.0 -5.0
95.0 -4.0
95.0 -4.0
96.0 -4.0
97.0 -3.0
98.00000000000006 -1.9999999999999432
99.0 -1.0
100.0 -1.0
101.99999999999994 1.0
101.99999999999994 1.0
103.0 2.0
104.0 3.0
105.0 3.0
105.0 4.0
105.99999999999994 5.0
107.0 7.0
107.0 7.0
107.0 8.0
108.0 9.0
108.0 10.0
109.0 11.0
109.0 12.0
109.0 13.0
109.0 15.0
109.0 15.0
109.99999999999994 15.0
109.99999999999994 16.0
109.99999999999994 17.0
109.99999999999994 19.0
109.99999999999994 19.0
109.99999999999994 20.0
109.99999999999994 21.0
109.99999999999994 23.0
109.99999999999994 23.0
109.0 24.0
109.0 25.0
109.0 26.0
108.0 28.0
108.0 29.0
107.0 31.0
107.0 31.0
107.0 32.0
105.99999999999994 34.0
105.99999999999994 35.0
105.99999999999994 36.0
105.0 39.0
105.0 39.0
104.0 40.0
104.0 42.0
103.0 43.0
101.99999999999994 45.0
475
-350.0 -28.0
-349.0 -28.0
-349.0 -29.0
-349.0 -30.0
-348.0 -30.0
-348.0 -30.999999999999943
-348.0 -32.0
-348.0 -33.0
-348.0 -34.0
-348.0 -34.99999999999994
-347.0 -36.00000000000006
-347.0 -37.0
-347.0 -38.0
-347.0 -38.99999999999994
-346.0 -40.00000000000006
-346.0 -40.00000000000006
-346.0 -41.0
-346.0 -42.0
-346.0 -43.0
-345.0 -43.0
-345.0 -45.0
-345.0 -46.0
-344.0 -47.0
-344.0 -48.00000000000006
-344.0 -49.0
-344.0 -50.0
-343.0 -51.99999999999994
-343.0 -51.99999999999994
-343.0 -53.0
-343.0 -54.0
-342.0 -54.0
-342.0 -55.99999999999994
-341.0 -58.0
-341.0 -59.99999999999994
-340.0 -63.0
-340.0 -63.0
-340.0 -65.00000000000006
-340.0 -65.00000000000006
-339.0 -66.0
-339.0 -67.0
-338.0 -69.00000000000006
-338.0 -69.00000000000006
-338.0 -70.0
-338.0 -72.0
-337.0 -73.00000000000006
-337.0 -75.0
-336.0 -80.0
-335.0 -80.99999999999994
-335.0 -83.0
-334.0 -86.00000000000006
-334.0 -86.00000000000006
-333.0 -90.00000000000006
-332.0 -92.0
-331.0 -94.00000000000006
-331.0 -96.0
-330.0 -100.0
-329.0 -101.0
-328.0 -103.0
-328.0 -105.0
-327.0 -107.0
-326.0 -111.00000000000006
-325.0 -112.0
-324.0 -114.0
-323.0 -117.0
-323.0 -117.0
-322.0 -121.0
-321.0 -122.0
-319.0 -125.0
-319.0 -125.0
-318.0 -127.0
-318.0 -128.0
-317.0 -129.0
-316.0 -132.0
-315.0 -133.0
-314.0 -135.0
-314.0 -136.0
-313.0 -137.0
-311.0 -140.0
-311.0 -141.0
-309.0 -143.0
-309.0 -144.0
-307.0 -146.0
-307.0 -147.0
-306.0 -148.0
-305.0 -149.0
-304.0 -150.0
-303.0 -152.0
-303.0 -153.0
-302.0 -153.0
-300.0 -156.0
-300.0 -156.0
-300.0 -156.0
-299.0 -157.0
-299.0 -158.0
-297.0 -159.0
-297.0 -160.0
-296.0 -161.0
-296.0 -161.0
-295.0 -161.0
-294.0 -162.0
-294.0 -162.0
-294.0 -163.0
-293.0 -163.0
-291.0 -164.0
-290.0 -165.0
-290.0 -165.0
-289.0 -166.0
-288.0 -167.0
-288.0 -167.0
-287.0 -168.0
-286.0 -168.0
-285.0 -169.0
-284.0 -169.0
-284.0 -170.0
-281.0 -172.0
-281.0 -172.0
-279.0 -172.0
-279.0 -173.0
-278.0 -173.0
-276.0 -174.0
-275.0 -175.0
-274.0 -176.0
-273.0 -176.0
-273.0 -177.0
-271.0 -178.0
-269.0 -178.0
-267.0 -179.0
-265.0 -180.0
-265.0 -180.0
-264.0 -180.0
-263.0 -181.0
-262.0 -182.0
-262.0 -182.0
-260.0 -182.0
-259.0 -183.0
-257.0 -183.0
-257.0 -183.0
-256.0 -183.0
-254.0 -184.0
-254.0 -184.0
-253.0 -184.0
-252.0 -185.0
-250.0 -185.0
-250.0 -185.0
-250.0 -186.0
-248.0 -186.0
-246.0 -187.0
-244.0 -187.0
-243.0 -187.0
-240.0 -188.0
-240.0 -188.0
-239.0 -189.0
-237.0 -189.0
-237.0 -189.0
-235.0 -190.0
-233.0 -190.0
-233.0 -190.0
-231.0 -191.0
-230.0 -191.0
-228.0 -192.0
-227.0 -192.0
-226.0 -192.0
-224.0 -193.0
-222.0 -193.0
-222.0 -194.0
-219.0 -195.0
-219.0 -195.0
-218.0 -195.0
-216.0 -196.0
-214.0 -196.0
-213.0 -197.0
-211.0 -198.0
-211.0 -198.0
-210.0 -198.0
-207.0 -199.0
-207.0 -199.0
-206.0 -200.0
-205.0 -200.0
-203.0 -201.0
-203.0 -201.0
-201.0 -202.0
-200.0 -203.0
-198.0 -204.0
-195.00000000000003 -205.0
-194.0 -206.0
-192.0 -207.0
-189.0 -208.0
-189.0 -208.0
-188.0 -209.0
-185.0 -212.0
-185.0 -212.0
-183.0 -213.0
-179.99999999999997 -216.0
-179.99999999999997 -216.0
-179.0 -217.0
-177.0 -219.0
-173.0 -223.0
-171.0 -225.0
-171.0 -225.0
-169.0 -227.0
-167.0 -229.0
-163.0 -233.0
-162.0 -234.0
-160.0 -235.0
-156.99999999999997 -238.0
-154.99999999999997 -240.0
-154.0 -241.0
-150.99999999999997 -244.0
-149.00000000000003 -245.0
-145.00000000000003 -248.0
-145.00000000000003 -248.0
-145.00000000000003 -248.0
-143.0 -250.0
-140.0 -252.0
-140.0 -252.0
-139.0 -252.0
-136.0 -254.0
-136.0 -254.0
-135.0 -255.0
-134.0 -256.0
-131.0 -258.0
-129.0 -258.0
-127.0 -260.0
-127.0 -260.0
-126.0 -260.0
-123.0 -261.0
-123.0 -261.0
-120.0 -262.0
-120.0 -262.0
-119.0 -262.0
-117.0 -263.0
-117.0 -263.0
-116.0 -263.0
-115.0 -263.0
-112.0 -264.0
-112.0 -264.0
-111.0 -264.0
-109.0 -265.0
-109.0 -265.0
-108.0 -265.0
-107.0 -265.0
-106.0 -266.0
-104.0 -266.0
-103.0 -266.0
-101.0 -266.0
-101.0 -266.0
-100.0 -266.0
-99.0 -266.0
-97.0 -266.0
-97.0 -266.0
-96.0 -266.0
-95.0 -266.0
-93.0 -266.0
-93.0 -266.0
-92.0 -266.0
-91.0 -266.0
-89.0 -267.0
-88.0 -267.0
-86.0 -267.0
-86.0 -267.0
-85.0 -267.0
-83.0 -267.0
-83.0 -267.0
-82.0 -267.0
-79.0 -267.0
-79.0 -267.0
-78.0 -267.0
-75.0 -266.0
-74.0 -266.0
-72.0 -266.0
-70.0 -266.0
-69.0 -266.0
-65.0 -265.0
-63.0 -265.0
-63.0 -265.0
-61.0 -265.0
-57.0 -264.0
-57.0 -264.0
-56.0 -264.0
-54.0 -264.0
-51.0 -263.0
-49.0 -263.0
-46.0 -262.0
-44.0 -262.0
-41.0 -261.0
-41.0 -261.0
-37.0 -259.0
-33.0 -258.0
-32.0 -258.0
-30.0 -257.0
-26.0 -256.0
-25.0 -256.0
-23.0 -255.0
-19.0 -253.0
-19.0 -253.0
-17.0 -253.0
-14.0 -252.0
-11.0 -250.0
-9.0 -249.0
-7.0 -248.0
-3.0 -247.0
-1.0 -246.0
0.0 -245.0
5.999999999999943 -242.0
9.0 -240.0
9.0 -240.0
11.000000000000057 -240.0
15.000000000000057 -238.0
15.000000000000057 -238.0
18.0 -236.0
21.0 -234.0
21.0 -234.0
26.0 -232.0
26.0 -232.0
26.999999999999943 -230.0
32.0 -228.0
34.0 -227.0
37.0 -224.0
37.0 -224.0
41.0 -222.0
42.0 -221.0
47.0 -218.0
48.00000000000006 -217.0
53.0 -214.0
53.0 -214.0
55.0 -212.0
58.0 -210.0
58.0 -210.0
62.0 -207.0
66.0 -204.0
69.00000000000006 -201.0
73.00000000000006 -198.0
76.0 -195.0
76.0 -195.0
79.0 -193.0
80.99999999999994 -191.0
80.99999999999994 -191.0
83.0 -189.0
87.0 -185.0
88.99999999999994 -183.0
94.00000000000006 -178.0
94.00000000000006 -178.0
97.0 -175.0
99.0 -172.0
99.0 -172.0
101.0 -171.0
104.0 -168.0
104.0 -168.0
105.99999999999994 -165.0
108.0 -162.0
108.0 -162.0
109.0 -161.0
111.00000000000006 -159.0
113.0 -156.0
115.0 -154.0
117.0 -151.0
117.0 -151.0
118.0 -150.0
120.0 -146.0
121.0 -145.0
123.0 -142.0
123.0 -142.0
124.0 -140.0
127.0 -137.0
127.0 -137.0
128.0 -135.0
128.0 -134.0
130.0 -131.0
131.0 -129.0
132.0 -127.0
133.0 -125.0
135.0 -124.0
135.0 -124.0
136.0 -121.0
136.0 -120.0
138.0 -118.0
139.0 -116.0
139.0 -115.0
140.0 -112.0
141.0 -109.99999999999994
141.0 -108.0
141.0 -108.0
142.0 -105.99999999999994
143.0 -103.0
143.0 -101.0
144.0 -98.00000000000006
144.0 -96.0
145.0 -92.0
145.0 -92.0
146.0 -88.99999999999994
146.0 -84.99999999999994
146.0 -84.99999999999994
147.0 -84.0
148.0 -79.0
148.0 -79.0
149.0 -76.99999999999994
150.0 -72.0
150.0 -68.0
150.0 -68.0
151.0 -65.00000000000006
152.0 -61.00000000000006
152.0 -61.00000000000006
153.0 -58.0
154.0 -53.0
154.0 -53.0
154.0 -51.99999999999994
155.0 -46.0
155.0 -46.0
156.0 -45.0
156.0 -42.0
157.0 -37.0
158.0 -32.0
158.0 -30.0
159.0 -25.0
159.0 -25.0
160.0 -21.0
160.0 -17.0
160.0 -15.000000000000057
161.0 -9.999999999999943
161.0 -8.0
161.0 -3.0
161.0 -3.0
161.0 -1.0
161.0 4.0
162.0 6.0
162.0 11.0
162.0 12.0
162.0 16.0
162.0 19.0
162.0 23.0
162.0 25.0
162.0 28.0
162.0 34.0
162.0 34.0
162.0 37.0
162.0 40.0
162.0 44.0
161.0 46.0
161.0 46.0
161.0 48.0
161.0 51.0
161.0 51.0
160.0 52.0
159.0 56.0
159.0 57.0
159.0 60.0
158.0 62.0
158.0 65.0
157.0 67.0
156.0 71.0
156.0 72.0
156.0 75.0
155.0 76.0
155.0 79.0
154.0 81.0
154.0 84.0
154.0 86.0
153.0 89.0
152.0 89.0
151.0 93.0
151.0 94.0
150.0 96.0
149.0 97.0
148.0 100.0
147.0 101.0
146.0 103.0
146.0 104.0
145.0 106.0
144.0 106.0
143.0 109.0
142.0 109.0
141.0 110.0
140.0 112.0
140.0 113.0
139.0 114.0
